=== PLI para TSP ===
Instância: large_1
Método: BB
Número de cidades: 15

Matriz de custos (distância * (1 + risco)):
     0.00 225.00 297.00 172.50 237.50 216.00 250.00 195.50 262.50 222.75 234.00 227.50 231.25 310.50 266.50 
   225.00   0.00 200.00 283.50 207.00 287.50 209.25 250.00 218.50 262.50 221.00 234.00 214.50 225.00 297.00 
   297.00 200.00   0.00 175.00 270.00 253.00 237.50 202.50 225.00 195.50 262.50 216.00 234.00 221.00 231.25 
   172.50 283.50 175.00   0.00 212.50 270.00 184.00 237.50 202.50 275.00 243.00 243.75 201.50 252.00 227.50 
   237.50 207.00 270.00 212.50   0.00 187.50 283.50 207.00 200.00 256.50 198.00 240.50 250.00 229.50 243.75 
   216.00 287.50 253.00 270.00 187.50   0.00 237.50 216.00 241.50 225.00 286.00 198.00 249.75 250.00 221.00 
   250.00 209.25 237.50 184.00 283.50 237.50   0.00 212.50 270.00 172.50 225.00 263.25 192.00 273.00 206.25 
   195.50 250.00 202.50 237.50 207.00 216.00 212.50   0.00 175.00 283.50 236.25 206.25 247.00 216.00 266.50 
   262.50 218.50 225.00 202.50 200.00 241.50 270.00 175.00   0.00 237.50 252.00 234.00 212.50 209.25 243.75 
   222.75 262.50 195.50 275.00 256.50 225.00 172.50 283.50 237.50   0.00 195.00 252.00 243.00 250.00 208.00 
   234.00 221.00 262.50 243.00 198.00 286.00 225.00 236.25 252.00 195.00   0.00 212.50 228.00 214.50 250.00 
   227.50 234.00 216.00 243.75 240.50 198.00 263.25 206.25 234.00 252.00 212.50   0.00 195.00 228.00 229.50 
   231.25 214.50 234.00 201.50 250.00 249.75 192.00 247.00 212.50 243.00 228.00 195.00   0.00 225.00 198.00 
   310.50 225.00 221.00 252.00 229.50 250.00 273.00 216.00 209.25 250.00 214.50 228.00 225.00   0.00 195.00 
   266.50 297.00 231.25 227.50 243.75 221.00 206.25 266.50 243.75 208.00 250.00 229.50 198.00 195.00   0.00 

Tempos mínimos:
KingsLanding: 15
Winterfell: 12
CasterlyRock: 13
Dragonstone: 11
Highgarden: 12
Sunspear: 10
Pyke: 11
Riverrun: 12
Storms_End: 13
The_Eyrie: 11
Oldtown: 12
The_Twins: 10
Harrenhal: 11
The_Wall: 14
Eastwatch: 12

=== Execução do algoritmo ===
Resolvendo relaxação linear...
Relaxação linear resolvida. Valor: 2762.00

Resolvendo com parâmetros:
- Tempo limite: 600 segundos
- Gap alvo: 1.00%
- Presolve: ON
- Cuts: GMI=ON MIR=ON COV=ON CLQ=ON

Iniciando resolução MIP...

Nova solução encontrada:
Custo: 2909.50
Gap: 5.07%

Nova solução encontrada:
Custo: 2884.75
Gap: 4.26%

Nova solução encontrada:
Custo: 2875.50
Gap: 3.95%

Tempo limite excedido!

Solução encontrada:
  Lower bound (relaxação): 2762.00
  Upper bound (inteira): 2875.50
  Gap: 3.95%

Resultados finais:
Status: Solução ótima encontrada
Custo: 2875.50
Tempo: 600.00 s
Gap: 3.95%
Viável: Sim

Rota encontrada:
KingsLanding Dragonstone CasterlyRock Winterfell Pyke The_Eyrie Oldtown Highgarden Sunspear The_Twins Harrenhal Eastwatch The_Wall Storms_End Riverrun 
Solução é viável porque:
- Todas as cidades são visitadas exatamente uma vez
- Tempo total (179) respeita o poder de KingsLanding (300)
- Rota forma um ciclo válido começando e terminando em KingsLanding
