=== PLI para TSP ===
Instância: large_3
Método: BB
Número de cidades: 15

Matriz de custos (distância * (1 + risco)):
     0.00 275.00 345.00 231.00 297.00 241.50 319.00 241.50 308.00 287.50 264.00 241.50 253.00 322.00 275.00 
   275.00   0.00 231.00 299.00 241.50 319.00 230.00 297.00 252.00 242.00 241.50 264.00 230.00 242.00 310.50 
   345.00 231.00   0.00 209.00 276.00 294.00 253.00 230.00 242.00 220.50 286.00 230.00 264.00 241.50 253.00 
   231.00 299.00 209.00   0.00 231.00 276.00 189.00 242.00 230.00 253.00 253.00 264.00 218.50 286.00 241.50 
   297.00 241.50 276.00 231.00   0.00 220.00 299.00 220.50 209.00 276.00 220.00 264.50 275.00 241.50 264.00 
   241.50 319.00 294.00 276.00 220.00   0.00 242.00 218.50 283.50 253.00 310.50 220.00 264.50 264.00 241.50 
   319.00 230.00 253.00 189.00 299.00 242.00   0.00 231.00 276.00 210.00 242.00 276.00 220.00 299.00 220.00 
   241.50 297.00 230.00 242.00 220.50 218.50 231.00   0.00 198.00 299.00 241.50 220.00 264.50 242.00 299.00 
   308.00 252.00 242.00 230.00 209.00 283.50 276.00 198.00   0.00 242.00 286.00 253.00 231.00 218.50 253.00 
   287.50 242.00 220.50 253.00 276.00 253.00 210.00 299.00 242.00   0.00 218.50 286.00 253.00 264.00 230.00 
   264.00 241.50 286.00 253.00 220.00 310.50 242.00 241.50 286.00 218.50   0.00 231.00 253.00 230.00 275.00 
   241.50 264.00 230.00 264.00 264.50 220.00 276.00 220.00 253.00 286.00 231.00   0.00 207.00 253.00 241.50 
   253.00 230.00 264.00 218.50 275.00 264.50 220.00 264.50 231.00 253.00 253.00 207.00   0.00 242.00 220.00 
   322.00 242.00 241.50 286.00 241.50 264.00 299.00 242.00 218.50 264.00 230.00 253.00 242.00   0.00 207.00 
   275.00 310.50 253.00 241.50 264.00 241.50 220.00 299.00 253.00 230.00 275.00 241.50 220.00 207.00   0.00 

Tempos mínimos:
KingsLanding: 20
Winterfell: 15
CasterlyRock: 16
Dragonstone: 14
Highgarden: 17
Sunspear: 13
Pyke: 12
Riverrun: 14
Storms_End: 15
The_Eyrie: 13
Oldtown: 15
The_Twins: 13
Harrenhal: 14
The_Wall: 18
Eastwatch: 15

=== Execução do algoritmo ===
Resolvendo relaxação linear...
Relaxação linear resolvida. Valor: 3128.00

Resolvendo com parâmetros:
- Tempo limite: 600 segundos
- Gap alvo: 1.00%
- Presolve: ON
- Cuts: GMI=ON MIR=ON COV=ON CLQ=ON

Iniciando resolução MIP...

Nova solução encontrada:
Custo: 3326.50
Gap: 5.97%

Nova solução encontrada:
Custo: 3317.00
Gap: 5.70%

Nova solução encontrada:
Custo: 3306.50
Gap: 5.40%

Nova solução encontrada:
Custo: 3294.00
Gap: 5.04%

Nova solução encontrada:
Custo: 3284.50
Gap: 4.76%

Tempo limite excedido!

Solução encontrada:
  Lower bound (relaxação): 3128.00
  Upper bound (inteira): 3284.50
  Gap: 4.76%

Resultados finais:
Status: Solução ótima encontrada
Custo: 3284.50
Tempo: 600.00 s
Gap: 4.76%
Viável: Sim

Rota encontrada:
KingsLanding Harrenhal The_Twins Sunspear Riverrun Storms_End Highgarden Oldtown The_Eyrie CasterlyRock Winterfell The_Wall Eastwatch Pyke Dragonstone 
Solução é viável porque:
- Todas as cidades são visitadas exatamente uma vez
- Tempo total (224) respeita o poder de KingsLanding (400)
- Rota forma um ciclo válido começando e terminando em KingsLanding
