=== PLI para TSP ===
Instância: large_3
Método: PLI
Número de cidades: 15

Matriz de custos (distância * (1 + risco)):
   0.00  275.00  345.00  231.00  297.00  241.50  319.00  241.50  308.00  287.50  264.00  241.50  253.00  322.00  275.00 
 275.00    0.00  231.00  299.00  241.50  319.00  230.00  297.00  252.00  242.00  241.50  264.00  230.00  242.00  310.50 
 345.00  231.00    0.00  209.00  276.00  294.00  253.00  230.00  242.00  220.50  286.00  230.00  264.00  241.50  253.00 
 231.00  299.00  209.00    0.00  231.00  276.00  189.00  242.00  230.00  253.00  253.00  264.00  218.50  286.00  241.50 
 297.00  241.50  276.00  231.00    0.00  220.00  299.00  220.50  209.00  276.00  220.00  264.50  275.00  241.50  264.00 
 241.50  319.00  294.00  276.00  220.00    0.00  242.00  218.50  283.50  253.00  310.50  220.00  264.50  264.00  241.50 
 319.00  230.00  253.00  189.00  299.00  242.00    0.00  231.00  276.00  210.00  242.00  276.00  220.00  299.00  220.00 
 241.50  297.00  230.00  242.00  220.50  218.50  231.00    0.00  198.00  299.00  241.50  220.00  264.50  242.00  299.00 
 308.00  252.00  242.00  230.00  209.00  283.50  276.00  198.00    0.00  242.00  286.00  253.00  231.00  218.50  253.00 
 287.50  242.00  220.50  253.00  276.00  253.00  210.00  299.00  242.00    0.00  218.50  286.00  253.00  264.00  230.00 
 264.00  241.50  286.00  253.00  220.00  310.50  242.00  241.50  286.00  218.50    0.00  231.00  253.00  230.00  275.00 
 241.50  264.00  230.00  264.00  264.50  220.00  276.00  220.00  253.00  286.00  231.00    0.00  207.00  253.00  241.50 
 253.00  230.00  264.00  218.50  275.00  264.50  220.00  264.50  231.00  253.00  253.00  207.00    0.00  242.00  220.00 
 322.00  242.00  241.50  286.00  241.50  264.00  299.00  242.00  218.50  264.00  230.00  253.00  242.00    0.00  207.00 
 275.00  310.50  253.00  241.50  264.00  241.50  220.00  299.00  253.00  230.00  275.00  241.50  220.00  207.00    0.00 

Tempos mínimos:
KingsLanding: 20
Winterfell: 15
CasterlyRock: 16
Dragonstone: 14
Highgarden: 17
Sunspear: 13
Pyke: 12
Riverrun: 14
Storms_End: 15
The_Eyrie: 13
Oldtown: 15
The_Twins: 13
Harrenhal: 14
The_Wall: 18
Eastwatch: 15

=== Execução do algoritmo ===
Resolvendo relaxação linear...
Relaxação linear resolvida. Valor: 3442.87

Resolvendo com parâmetros:
- Tempo limite: 600 segundos
- Gap alvo: 1.00%
- Presolve: ON
- Cuts: GMI=ON MIR=ON COV=ON CLQ=ON

Iniciando resolução MIP...
Erro na otimização MIP: 14

Resultados finais:
Status: Erro na otimização
Custo: 0.00
Tempo: 0.20 s
Gap: 0.00%
Viável: Não

Rota encontrada:
KingsLanding KingsLanding KingsLanding KingsLanding KingsLanding KingsLanding KingsLanding KingsLanding KingsLanding KingsLanding KingsLanding KingsLanding KingsLanding KingsLanding KingsLanding 

Solução inviável porque:
- Existem cidades repetidas na rota
- Existem cidades não visitadas
