=== Branch and Bound para TSP ===
Instância: medium_1
Método: Branch and Bound
Número de cidades: 10

Matriz de distâncias:
   0.00  120.00  150.00   80.00  110.00   90.00  130.00  100.00  140.00   95.00 
 120.00    0.00   90.00  140.00  110.00  160.00   85.00  130.00  120.00  140.00 
 150.00   90.00    0.00   70.00  130.00  150.00  120.00   80.00  110.00  100.00 
  80.00  140.00   70.00    0.00  100.00  130.00   90.00  120.00   80.00  150.00 
 110.00  110.00  130.00  100.00    0.00   80.00  140.00  110.00   90.00  120.00 
  90.00  160.00  150.00  130.00   80.00    0.00  120.00   90.00  140.00  110.00 
 130.00   85.00  120.00   90.00  140.00  120.00    0.00  100.00  130.00   80.00 
 100.00  130.00   80.00  120.00  110.00   90.00  100.00    0.00   70.00  140.00 
 140.00  120.00  110.00   80.00   90.00  140.00  130.00   70.00    0.00  120.00 
  95.00  140.00  100.00  150.00  120.00  110.00   80.00  140.00  120.00    0.00 

Matriz de riscos:
   0.00    0.20    0.30    0.10    0.20    0.30    0.20    0.10    0.20    0.30 
   0.20    0.00    0.20    0.30    0.10    0.20    0.30    0.20    0.10    0.20 
   0.30    0.20    0.00    0.20    0.30    0.10    0.20    0.30    0.20    0.10 
   0.10    0.30    0.20    0.00    0.20    0.30    0.10    0.20    0.30    0.20 
   0.20    0.10    0.30    0.20    0.00    0.20    0.30    0.10    0.20    0.30 
   0.30    0.20    0.10    0.30    0.20    0.00    0.20    0.30    0.10    0.20 
   0.20    0.30    0.20    0.10    0.30    0.20    0.00    0.20    0.30    0.10 
   0.10    0.20    0.30    0.20    0.10    0.30    0.20    0.00    0.20    0.30 
   0.20    0.10    0.20    0.30    0.20    0.10    0.30    0.20    0.00    0.20 
   0.30    0.20    0.10    0.20    0.30    0.20    0.10    0.30    0.20    0.00 

Tempos mínimos:
KingsLanding: 10
Winterfell: 8
CasterlyRock: 7
Dragonstone: 6
Highgarden: 7
Sunspear: 5
Pyke: 6
Riverrun: 7
Storms_End: 8
The_Eyrie: 6

=== Execução do algoritmo ===

Resultados finais:
Custo: 1183.00
Tempo: 0.00 s
Gap: 28.61%
Viável: Sim

Rota encontrada:
KingsLanding Dragonstone Pyke The_Eyrie CasterlyRock Riverrun Storms_End Highgarden Sunspear Winterfell 
