=== PLI para TSP ===
Instância: medium_3
Método: BB
Número de cidades: 10

Matriz de custos (distância * (1 + risco)):
     0.00 220.00 287.50 189.00 242.00 195.50 264.00 199.50 253.00 241.50 
   220.00   0.00 187.00 241.50 199.50 264.00 184.00 242.00 210.00 198.00 
   287.50 187.00   0.00 165.00 230.00 241.50 209.00 184.00 198.00 178.50 
   189.00 241.50 165.00   0.00 187.00 230.00 147.00 198.00 184.00 209.00 
   242.00 199.50 230.00 187.00   0.00 176.00 241.50 178.50 165.00 230.00 
   195.50 264.00 241.50 230.00 176.00   0.00 198.00 172.50 231.00 209.00 
   264.00 184.00 209.00 147.00 241.50 198.00   0.00 187.00 230.00 168.00 
   199.50 242.00 184.00 198.00 178.50 172.50 187.00   0.00 154.00 241.50 
   253.00 210.00 198.00 184.00 165.00 231.00 230.00 154.00   0.00 198.00 
   241.50 198.00 178.50 209.00 230.00 209.00 168.00 241.50 198.00   0.00 

Tempos mínimos:
KingsLanding: 15
Winterfell: 12
CasterlyRock: 13
Dragonstone: 11
Highgarden: 14
Sunspear: 10
Pyke: 9
Riverrun: 11
Storms_End: 12
The_Eyrie: 10

=== Execução do algoritmo ===
Resolvendo relaxação linear...
Relaxação linear resolvida. Valor: 1645.50

Resolvendo com parâmetros:
- Tempo limite: 600 segundos
- Gap alvo: 1.00%
- Presolve: ON
- Cuts: GMI=ON MIR=ON COV=ON CLQ=ON

Iniciando resolução MIP...

Nova solução encontrada:
Custo: 1756.00
Gap: 6.29%

Solução encontrada:
  Lower bound (relaxação): 1645.50
  Upper bound (inteira): 1756.00
  Gap: 6.29%

Resultados finais:
Status: Solução ótima encontrada
Custo: 1756.00
Tempo: 12.94 s
Gap: 6.29%
Viável: Sim

Rota encontrada:
KingsLanding Dragonstone Pyke The_Eyrie CasterlyRock Winterfell Highgarden Storms_End Riverrun Sunspear 
Solução é viável porque:
- Todas as cidades são visitadas exatamente uma vez
- Tempo total (117) respeita o poder de KingsLanding (300)
- Rota forma um ciclo válido começando e terminando em KingsLanding
