=== PLI para TSP ===
Instância: small_2
Método: PLI
Número de cidades: 8

Matriz de custos (distância * (1 + risco)):
   0.00  130.00  210.00   60.00  320.00  540.00  400.00  156.00 
 130.00    0.00  252.00  182.00  400.00  760.00  280.00   96.00 
 210.00  252.00    0.00  224.00  130.00  630.00  252.00  169.00 
  60.00  182.00  224.00    0.00  252.00  448.00  352.00  143.00 
 320.00  400.00  130.00  252.00    0.00  308.00  540.00  252.00 
 540.00  760.00  630.00  448.00  308.00    0.00  855.00  665.00 
 400.00  280.00  252.00  352.00  540.00  855.00    0.00  195.00 
 156.00   96.00  169.00  143.00  252.00  665.00  195.00    0.00 

Tempos mínimos:
KingsLanding: 2
Winterfell: 3
CasterlyRock: 4
Dragonstone: 2
Highgarden: 3
Sunspear: 3
Pyke: 2
Riverrun: 2

=== Execução do algoritmo ===
Resolvendo relaxação linear...
Relaxação linear resolvida. Valor: 1499.75

Resolvendo com parâmetros:
- Tempo limite: 600 segundos
- Gap alvo: 1.00%
- Presolve: ON
- Cuts: GMI=ON MIR=ON COV=ON CLQ=ON

Iniciando resolução MIP...
Solução ótima encontrada!

Rota encontrada:
1: KingsLanding
2: Dragonstone
3: Sunspear
4: Highgarden
5: CasterlyRock
6: Pyke
7: Riverrun
8: Winterfell

Solução encontrada:
  Lower bound (relaxação): 1499.75
  Upper bound (inteira): 1640.00
  Gap: 8.55%

Resultados finais:
Custo: 1640.00
Tempo: 0.01 s
Gap: 8.55%
Viável: Sim

Rota encontrada:
KingsLanding Dragonstone Sunspear Highgarden CasterlyRock Pyke Riverrun Winterfell 
