10
KingsLanding 200 1.0 10
Winterfell 50 0.8 8
CasterlyRock 60 0.9 7
Dragonstone 45 0.7 6
Highgarden 55 0.8 7
Sunspear 40 0.6 5
Pyke 35 0.7 6
Riverrun 45 0.8 7
Storms_End 50 0.7 8
The_Eyrie 40 0.9 6
0   120 150  80 110  90 130 100 140  95
120   0  90 140 110 160  85 130 120 140
150  90   0  70 130 150 120  80 110 100
80  140  70   0 100 130  90 120  80 150
110 110 130 100   0  80 140 110  90 120
90  160 150 130  80   0 120  90 140 110
130  85 120  90 140 120   0 100 130  80
100 130  80 120 110  90 100   0  70 140
140 120 110  80  90 140 130  70   0 120
95  140 100 150 120 110  80 140 120   0
0.0 0.2 0.3 0.1 0.2 0.3 0.2 0.1 0.2 0.3
0.2 0.0 0.2 0.3 0.1 0.2 0.3 0.2 0.1 0.2
0.3 0.2 0.0 0.2 0.3 0.1 0.2 0.3 0.2 0.1
0.1 0.3 0.2 0.0 0.2 0.3 0.1 0.2 0.3 0.2
0.2 0.1 0.3 0.2 0.0 0.2 0.3 0.1 0.2 0.3
0.3 0.2 0.1 0.3 0.2 0.0 0.2 0.3 0.1 0.2
0.2 0.3 0.2 0.1 0.3 0.2 0.0 0.2 0.3 0.1
0.1 0.2 0.3 0.2 0.1 0.3 0.2 0.0 0.2 0.3
0.2 0.1 0.2 0.3 0.2 0.1 0.3 0.2 0.0 0.2
0.3 0.2 0.1 0.2 0.3 0.2 0.1 0.3 0.2 0.0 