10
KingsLanding 300 1.0 15
Winterfell 70 0.75 12
CasterlyRock 75 0.8 13
Dragonstone 65 0.85 11
Highgarden 80 0.9 14
Sunspear 60 0.7 10
Pyke 55 0.65 9
Riverrun 65 0.75 11
Storms_End 70 0.8 12
The_Eyrie 60 0.85 10
0   200 250 180 220 170 240 190 230 210
200   0 170 210 190 240 160 220 200 180
250 170   0 150 200 230 190 160 180 170
180 210 150   0 170 200 140 180 160 190
220 190 200 170   0 160 210 170 150 200
170 240 230 200 160   0 180 150 220 190
240 160 190 140 210 180   0 170 200 160
190 220 160 180 170 150 170   0 140 210
230 200 180 160 150 220 200 140   0 180
210 180 170 190 200 190 160 210 180   0
0.0 0.1 0.15 0.05 0.1 0.15 0.1 0.05 0.1 0.15
0.1 0.0 0.1 0.15 0.05 0.1 0.15 0.1 0.05 0.1
0.15 0.1 0.0 0.1 0.15 0.05 0.1 0.15 0.1 0.05
0.05 0.15 0.1 0.0 0.1 0.15 0.05 0.1 0.15 0.1
0.1 0.05 0.15 0.1 0.0 0.1 0.15 0.05 0.1 0.15
0.15 0.1 0.05 0.15 0.1 0.0 0.1 0.15 0.05 0.1
0.1 0.15 0.1 0.05 0.15 0.1 0.0 0.1 0.15 0.05
0.05 0.1 0.15 0.1 0.05 0.15 0.1 0.0 0.1 0.15
0.1 0.05 0.1 0.15 0.1 0.05 0.15 0.1 0.0 0.1
0.15 0.1 0.05 0.1 0.15 0.1 0.05 0.15 0.1 0.0 