10
KingsLanding 250 1.0 12
Winterfell 60 0.8 10
CasterlyRock 65 0.85 11
Dragonstone 55 0.75 9
Highgarden 70 0.9 10
Sunspear 50 0.7 8
Pyke 45 0.75 9
Riverrun 55 0.8 10
Storms_End 60 0.85 11
The_Eyrie 50 0.8 9
0   160 190 130 170 140 180 150 185 145
160   0 140 180 160 200 135 175 165 180
190 140   0 120 170 190 160 130 155 150
130 180 120   0 150 170 140 160 130 190
170 160 170 150   0 130 180 160 140 165
140 200 190 170 130   0 160 140 180 160
180 135 160 140 180 160   0 150 170 130
150 175 130 160 160 140 150   0 120 180
185 165 155 130 140 180 170 120   0 165
145 180 150 190 165 160 130 180 165   0
0.0 0.2 0.3 0.1 0.2 0.3 0.2 0.1 0.2 0.3
0.2 0.0 0.2 0.3 0.1 0.2 0.3 0.2 0.1 0.2
0.3 0.2 0.0 0.2 0.3 0.1 0.2 0.3 0.2 0.1
0.1 0.3 0.2 0.0 0.2 0.3 0.1 0.2 0.3 0.2
0.2 0.1 0.3 0.2 0.0 0.2 0.3 0.1 0.2 0.3
0.3 0.2 0.1 0.3 0.2 0.0 0.2 0.3 0.1 0.2
0.2 0.3 0.2 0.1 0.3 0.2 0.0 0.2 0.3 0.1
0.1 0.2 0.3 0.2 0.1 0.3 0.2 0.0 0.2 0.3
0.2 0.1 0.2 0.3 0.2 0.1 0.3 0.2 0.0 0.2
0.3 0.2 0.1 0.2 0.3 0.2 0.1 0.3 0.2 0.0