8
KingsLanding 8 0.7 2
Winterfell 9 0.9 3
CasterlyRock 10 0.6 4
Dragonstone 7 0.8 2
Highgarden 8 0.7 3
Sunspear 7 0.5 3
Pyke 6 0.4 2
Riverrun 7 0.7 2
0 100 150 50 200 300 250 120
100 0 180 140 250 400 200 80
150 180 0 160 100 350 180 130
50 140 160 0 180 280 220 110
200 250 100 180 0 220 300 180
300 400 350 280 220 0 450 350
250 200 180 220 300 450 0 150
120 80 130 110 180 350 150 0
0.0 0.2 0.3 0.1 0.4 0.5 0.4 0.2
0.2 0.0 0.3 0.2 0.4 0.6 0.3 0.1
0.3 0.3 0.0 0.3 0.2 0.5 0.3 0.2
0.1 0.2 0.3 0.0 0.3 0.4 0.4 0.2
0.4 0.4 0.2 0.3 0.0 0.3 0.5 0.3
0.5 0.6 0.5 0.4 0.3 0.0 0.7 0.6
0.4 0.3 0.3 0.4 0.5 0.7 0.0 0.2
0.2 0.1 0.2 0.2 0.3 0.6 0.2 0.0
